 3.41424559e-06
 7.73249216e-08
 -3.76831979e-06
 7.26829281e-06
 -5.76552947e-08
 -1.07134134e-05
 8.29395395e-06
 2.03393450e-07
 -1.58314533e-05
 8.16293333e-06
 7.45190180e-08
 -1.75361277e-05
 8.21507975e-06
 3.15206912e-12
 -1.75478309e-05
 8.16293528e-06
 -7.45139297e-08
 -1.75361306e-05
 8.29395862e-06
 -2.03385868e-07
 -1.58314573e-05
 7.26829304e-06
 5.76678193e-08
 -1.07134170e-05
 3.41424250e-06
 -7.73220881e-08
 -3.76832125e-06
 0.00000000e+00
 0.00000000e+00
 0.00000000e+00
 0.00000000e+00
 0.00000000e+00
 0.00000000e+00
 0.00000000e+00
 0.00000000e+00
 0.00000000e+00
